0.490137339974877
0.743107611706538
0.790574259820036
0.201704355966046
0.103329569538804
0.138977620741653
0.0666458206137345
0
0.00272506051628651
0
0
0
0
0
0.0189121040967677
0.0189121040967677
0.0189121040967677
0.00698463865242526
0.0189121040967677
0.168715347924187
0.380201030167106
0.804195301082509
0.861530696212999
0.782080153019696
0.828530667292075
0.78379586058726
0.768449371442623
0.317279444648489
0.261597170512987
0.213609493748397
0
0.00866505057545715
0
0.000337469413863383
0
0
0.0189121040967677
0
0.0189121040967677
0.0189121040967677
0.0071843224219015
0.0398789304420705
0.00706355908562757
0.00160767262746776
0.174695135973396
0.278094508906937
0.516528459847967
0.0189121040967677
0.0256928493303972
0.00541118013509051
0.00104985202288512
0.130324228094774
0.0407508307953687
0.247801191658709
0.32695036745597
0.232965859535803
0.23549081154458
0.202743313478754
0.630234173042424
0.253669220867679
0.294284250651954
0.510893705269787
0.900366386414359
0.661067070224911
0.0585912896100372
0.0189121040967677
0.152713157705648
0.0189121040967677
0.00614920653018345
0.00248461909395365
0.097506750131989
0.0606641284986791
0.362965204825208
0.065941673910831
0.480826660690149
0.582450554956412
0.112668938396473
0.0623119875417975
0.60764570860522
0.979885519222998
0.800643480117638
1
0.94201683905735
0.877091776895865
0.977587529935746
0.425129648405416
0.575403461367127
0.390676630957185
0.498486526035558
0.822147992362691
0.869558825964688
0.891464583516449
0.379549921107125
0.792399548112576
0.0485700918434321
0.31492448712554
0.277748385398359
0.668609582844511
0.341871783635148
0.211654242312052
0.0872716380433049
0.0955549300777272
0.0643555350698227
0.543801755069513
0.580966163346884
0.0616602138500489
0.0189121040967677
0.0189121040967677
0.0189121040967677
0.0189121040967677
0.0189121040967677
0.0189121040967677
0.0189121040967677
0.0324004079322499
0.0189121040967677
0.001312697656221
0.0817106776326851
0.026670287365744
0.0571392720175824
0.643273724070376
0.504299742636452
