                 A        B        C        D        E        F        G        H        I        J        K        L        M        N        O        P        Q        R        S        T        U        V        W        X        Y
        1    0.106    0.206    0.032    0.104    0.303    0.008    0.078    0.004    0.005    0.000    0.000    0.003    0.024    0.009    0.000    0.000    0.090    0.023    0.001    0.001    0.000    0.000    0.000    0.000    0.000
        2    0.081    0.028    0.044    0.098    0.007    0.018    0.087    0.103    0.163    0.000    0.000    0.000    0.005    0.227    0.000    0.000    0.001    0.128    0.006    0.004    0.000    0.000    0.000    0.000    0.000
        3    0.000    0.000    0.017    0.001    0.000    0.194    0.001    0.159    0.067    0.022    0.019    0.000    0.000    0.354    0.000    0.000    0.000    0.079    0.018    0.054    0.000    0.000    0.000    0.014    0.000
        4    0.503    0.011    0.049    0.077    0.021    0.000    0.052    0.000    0.000    0.000    0.000    0.028    0.259    0.000    0.000    0.000    0.000    0.000    0.000    0.000    0.000    0.000    0.000    0.000    0.000
        5    0.296    0.004    0.441    0.148    0.003    0.000    0.026    0.000    0.000    0.001    0.000    0.067    0.014    0.000    0.000    0.000    0.000    0.000    0.000    0.000    0.000    0.000    0.000    0.000    0.000
        6    0.558    0.004    0.135    0.048    0.003    0.000    0.018    0.000    0.000    0.000    0.000    0.107    0.125    0.000    0.000    0.000    0.000    0.000    0.000    0.000    0.000    0.000    0.000    0.000    0.000
        7    0.678    0.031    0.007    0.052    0.093    0.000    0.002    0.000    0.000    0.000    0.000    0.002    0.135    0.000    0.000    0.000    0.000    0.000    0.000    0.000    0.000    0.000    0.000    0.000    0.000
        8    0.000    0.000    0.000    0.000    0.369    0.000    0.000    0.000    0.000    0.000    0.000    0.000    0.000    0.000    0.000    0.000    0.611    0.019    0.000    0.000    0.000    0.000    0.000    0.000    0.000
        9    0.000    0.000    0.000    0.000    0.000    0.000    0.001    0.021    0.310    0.434    0.234    0.000    0.000    0.000    0.000    0.000    0.000    0.000    0.000    0.000    0.000    0.000    0.000    0.000    0.000
       10    0.000    0.000    0.000    0.000    0.000    0.000    0.000    0.000    0.000    0.000    0.000    0.000    0.000    0.038    0.000    0.000    0.000    0.635    0.101    0.225    0.000    0.000    0.000    0.000    0.000
       11    0.005    0.000    0.029    0.000    0.000    0.000    0.014    0.000    0.009    0.024    0.000    0.854    0.065    0.000    0.000    0.000    0.000    0.000    0.000    0.000    0.000    0.000    0.000    0.000    0.000
       12    0.000    0.000    0.000    0.000    0.000    0.000    0.000    0.000    0.000    0.000    0.000    0.000    0.000    0.000    0.000    0.000    0.000    0.001    0.004    0.108    0.134    0.689    0.061    0.002    0.000
       13    0.000    0.000    0.000    0.000    0.000    0.000    0.000    0.000    0.000    0.000    0.000    0.000    0.000    0.000    0.000    0.000    0.000    0.000    0.000    0.000    0.821    0.009    0.102    0.068    0.000
       14    0.000    0.000    0.000    0.000    0.000    0.000    0.000    0.000    0.000    0.000    0.000    0.000    0.000    0.000    0.000    0.000    0.000    0.000    0.000    0.003    0.807    0.185    0.004    0.000    0.000
       15    0.000    0.000    0.000    0.000    0.000    0.000    0.000    0.000    0.000    0.000    0.000    0.000    0.000    0.000    0.000    0.000    0.000    0.000    0.000    0.000    0.920    0.040    0.039    0.001    0.000
       16    0.000    0.000    0.000    0.000    0.000    0.000    0.000    0.000    0.000    0.000    0.000    0.000    0.000    0.000    0.000    0.000    0.000    0.000    0.000    0.000    0.931    0.015    0.053    0.001    0.000
       17    0.000    0.000    0.000    0.000    0.000    0.000    0.000    0.000    0.000    0.000    0.000    0.000    0.000    0.000    0.000    0.000    0.000    0.000    0.000    0.000    0.952    0.020    0.027    0.000    0.000
       18    0.000    0.000    0.000    0.000    0.000    0.000    0.000    0.000    0.000    0.000    0.000    0.000    0.000    0.000    0.000    0.000    0.000    0.000    0.000    0.000    0.870    0.124    0.006    0.000    0.000
       19    0.000    0.000    0.000    0.000    0.000    0.000    0.000    0.000    0.000    0.000    0.000    0.000    0.000    0.000    0.000    0.000    0.000    0.000    0.000    0.000    0.913    0.007    0.080    0.001    0.000
       20    0.000    0.000    0.000    0.000    0.000    0.000    0.000    0.000    0.000    0.000    0.000    0.000    0.000    0.000    0.000    0.000    0.000    0.000    0.000    0.001    0.728    0.093    0.172    0.007    0.000
       21    0.000    0.000    0.000    0.000    0.000    0.000    0.000    0.000    0.000    0.000    0.000    0.000    0.000    0.007    0.000    0.000    0.000    0.000    0.000    0.041    0.491    0.088    0.358    0.014    0.000
       22    0.000    0.000    0.000    0.000    0.050    0.000    0.000    0.000    0.000    0.000    0.000    0.000    0.001    0.031    0.000    0.000    0.185    0.249    0.037    0.080    0.344    0.019    0.002    0.000    0.000
       23    0.000    0.000    0.000    0.000    0.020    0.000    0.000    0.143    0.002    0.000    0.002    0.000    0.000    0.109    0.000    0.000    0.063    0.215    0.005    0.010    0.342    0.015    0.007    0.066    0.001
       24    0.000    0.000    0.000    0.000    0.000    0.000    0.000    0.108    0.000    0.000    0.024    0.000    0.000    0.263    0.000    0.000    0.000    0.015    0.018    0.068    0.322    0.025    0.036    0.120    0.002
       25    0.000    0.000    0.000    0.000    0.000    0.000    0.000    0.038    0.000    0.000    0.006    0.000    0.000    0.112    0.006    0.353    0.000    0.001    0.000    0.002    0.001    0.001    0.029    0.251    0.200
       26    0.000    0.000    0.000    0.000    0.004    0.000    0.000    0.019    0.001    0.000    0.000    0.000    0.000    0.212    0.000    0.000    0.350    0.151    0.039    0.158    0.000    0.008    0.026    0.031    0.000
       27    0.104    0.070    0.014    0.015    0.197    0.077    0.058    0.080    0.162    0.066    0.036    0.000    0.100    0.000    0.001    0.000    0.021    0.000    0.000    0.000    0.000    0.000    0.000    0.000    0.000
       28    0.044    0.027    0.125    0.582    0.120    0.008    0.030    0.000    0.050    0.000    0.000    0.005    0.009    0.000    0.000    0.000    0.000    0.000    0.000    0.000    0.000    0.000    0.000    0.000    0.000
       29    0.422    0.221    0.003    0.004    0.042    0.000    0.140    0.000    0.000    0.000    0.000    0.005    0.160    0.000    0.000    0.000    0.002    0.000    0.000    0.000    0.000    0.000    0.000    0.000    0.000
       30    0.046    0.016    0.085    0.770    0.005    0.017    0.014    0.000    0.041    0.000    0.000    0.001    0.005    0.000    0.000    0.000    0.000    0.000    0.000    0.000    0.000    0.000    0.000    0.000    0.000
       31    0.013    0.695    0.000    0.004    0.286    0.000    0.001    0.000    0.000    0.000    0.000    0.000    0.000    0.000    0.000    0.000    0.001    0.000    0.000    0.000    0.000    0.000    0.000    0.000    0.000
       32    0.054    0.008    0.005    0.000    0.000    0.000    0.802    0.000    0.020    0.003    0.000    0.032    0.076    0.000    0.000    0.000    0.000    0.000    0.000    0.000    0.000    0.000    0.000    0.000    0.000
       33    0.000    0.000    0.000    0.000    0.000    0.000    0.000    0.001    0.000    0.000    0.000    0.000    0.000    0.728    0.000    0.000    0.000    0.225    0.009    0.037    0.000    0.000    0.000    0.000    0.000
       34    0.000    0.000    0.020    0.000    0.000    0.001    0.007    0.029    0.163    0.462    0.189    0.129    0.001    0.000    0.000    0.000    0.000    0.000    0.000    0.000    0.000    0.000    0.000    0.000    0.000
       35    0.000    0.000    0.000    0.000    0.000    0.000    0.000    0.000    0.000    0.000    0.000    0.000    0.000    0.000    0.000    0.000    0.000    0.000    0.000    0.010    0.574    0.371    0.031    0.014    0.000
       36    0.000    0.000    0.000    0.000    0.000    0.000    0.000    0.000    0.000    0.000    0.000    0.000    0.000    0.000    0.000    0.000    0.000    0.000    0.000    0.001    0.847    0.128    0.024    0.001    0.000
       37    0.000    0.000    0.000    0.000    0.000    0.000    0.000    0.000    0.000    0.000    0.000    0.000    0.000    0.000    0.000    0.000    0.000    0.000    0.000    0.000    0.937    0.028    0.034    0.001    0.000
       38    0.000    0.000    0.000    0.000    0.000    0.000    0.000    0.000    0.000    0.000    0.000    0.000    0.000    0.000    0.000    0.000    0.000    0.000    0.000    0.003    0.836    0.158    0.004    0.000    0.000
       39    0.000    0.000    0.000    0.000    0.000    0.000    0.000    0.000    0.000    0.000    0.000    0.000    0.000    0.000    0.000    0.000    0.000    0.000    0.000    0.000    0.968    0.023    0.009    0.000    0.000
       40    0.000    0.000    0.000    0.000    0.000    0.000    0.000    0.000    0.000    0.000    0.000    0.000    0.000    0.000    0.000    0.000    0.000    0.000    0.000    0.000    0.945    0.031    0.024    0.000    0.000
       41    0.000    0.000    0.000    0.000    0.000    0.000    0.000    0.000    0.000    0.000    0.000    0.000    0.000    0.000    0.000    0.000    0.000    0.000    0.002    0.042    0.607    0.344    0.005    0.000    0.000
       42    0.000    0.000    0.000    0.000    0.000    0.000    0.000    0.000    0.000    0.000    0.000    0.000    0.000    0.000    0.000    0.000    0.000    0.000    0.003    0.049    0.492    0.439    0.015    0.002    0.000
       43    0.000    0.000    0.000    0.000    0.000    0.000    0.000    0.000    0.000    0.000    0.000    0.000    0.000    0.011    0.000    0.000    0.000    0.000    0.000    0.000    0.257    0.005    0.701    0.023    0.003
       44    0.000    0.000    0.000    0.000    0.000    0.000    0.000    0.000    0.000    0.000    0.000    0.000    0.000    0.892    0.000    0.000    0.000    0.033    0.001    0.022    0.000    0.002    0.027    0.024    0.000
       45    0.083    0.030    0.098    0.122    0.006    0.030    0.214    0.108    0.288    0.008    0.002    0.005    0.006    0.000    0.000    0.000    0.000    0.000    0.000    0.000    0.000    0.000    0.000    0.000    0.000
       46    0.013    0.010    0.055    0.282    0.005    0.334    0.026    0.018    0.176    0.063    0.012    0.000    0.000    0.000    0.005    0.000    0.000    0.000    0.000    0.000    0.000    0.000    0.000    0.000    0.000
       47    0.020    0.000    0.048    0.000    0.001    0.004    0.074    0.004    0.029    0.416    0.028    0.231    0.044    0.000    0.000    0.000    0.100    0.001    0.000    0.000    0.000    0.000    0.000    0.000    0.000
       48    0.000    0.000    0.000    0.000    0.000    0.000    0.000    0.011    0.000    0.000    0.000    0.000    0.000    0.951    0.000    0.000    0.000    0.000    0.000    0.000    0.000    0.000    0.036    0.002    0.000
       49    0.374    0.132    0.017    0.124    0.000    0.000    0.350    0.000    0.001    0.000    0.000    0.001    0.001    0.000    0.000    0.000    0.000    0.000    0.000    0.000    0.000    0.000    0.000    0.000    0.000
       50    0.139    0.003    0.000    0.000    0.000    0.000    0.157    0.000    0.000    0.000    0.000    0.070    0.631    0.000    0.000    0.000    0.000    0.000    0.000    0.000    0.000    0.000    0.000    0.000    0.000
       51    0.000    0.000    0.000    0.001    0.828    0.000    0.000    0.000    0.000    0.000    0.000    0.000    0.000    0.000    0.000    0.000    0.170    0.001    0.000    0.000    0.000    0.000    0.000    0.000    0.000
       52    0.001    0.000    0.001    0.001    0.000    0.000    0.397    0.000    0.597    0.001    0.000    0.000    0.000    0.000    0.000    0.000    0.000    0.000    0.000    0.000    0.000    0.000    0.000    0.000    0.000
       53    0.000    0.000    0.000    0.000    0.000    0.000    0.000    0.060    0.000    0.000    0.862    0.000    0.000    0.000    0.000    0.072    0.000    0.000    0.000    0.000    0.000    0.000    0.000    0.000    0.006
       54    0.000    0.000    0.000    0.001    0.453    0.000    0.000    0.000    0.000    0.000    0.000    0.000    0.002    0.000    0.000    0.000    0.544    0.000    0.000    0.000    0.000    0.000    0.000    0.000    0.000
       55    0.000    0.000    0.000    0.000    0.000    0.000    0.000    0.414    0.014    0.000    0.000    0.000    0.000    0.241    0.000    0.000    0.000    0.311    0.012    0.004    0.000    0.000    0.000    0.003    0.000
       56    0.037    0.005    0.172    0.381    0.004    0.168    0.038    0.002    0.175    0.012    0.000    0.004    0.002    0.000    0.000    0.000    0.000    0.000    0.000    0.000    0.000    0.000    0.000    0.000    0.000
       57    0.001    0.007    0.000    0.002    0.132    0.000    0.000    0.003    0.000    0.000    0.000    0.000    0.002    0.028    0.000    0.000    0.309    0.511    0.004    0.001    0.000    0.000    0.000    0.000    0.000
       58    0.000    0.000    0.000    0.000    0.000    0.000    0.000    0.105    0.000    0.000    0.025    0.000    0.000    0.116    0.000    0.000    0.000    0.087    0.406    0.139    0.000    0.000    0.000    0.122    0.000
       59    0.000    0.000    0.000    0.000    0.000    0.000    0.000    0.007    0.000    0.000    0.001    0.000    0.000    0.008    0.000    0.001    0.000    0.000    0.000    0.000    0.010    0.002    0.047    0.366    0.557
       60    0.000    0.000    0.000    0.000    0.000    0.000    0.000    0.028    0.000    0.000    0.003    0.000    0.000    0.195    0.000    0.075    0.000    0.000    0.000    0.000    0.000    0.000    0.021    0.081    0.597
       61    0.000    0.000    0.000    0.000    0.000    0.000    0.000    0.015    0.000    0.000    0.000    0.000    0.000    0.617    0.000    0.000    0.000    0.000    0.000    0.000    0.000    0.000    0.124    0.243    0.001
       62    0.078    0.001    0.061    0.001    0.001    0.001    0.065    0.000    0.005    0.047    0.000    0.452    0.242    0.000    0.001    0.000    0.045    0.000    0.000    0.000    0.000    0.000    0.000    0.000    0.000
       63    0.000    0.000    0.000    0.000    0.000    0.000    0.000    0.000    0.000    0.000    0.000    0.000    0.004    0.001    0.000    0.000    0.002    0.025    0.144    0.103    0.256    0.310    0.119    0.036    0.000
       64    0.000    0.000    0.000    0.000    0.000    0.000    0.000    0.000    0.000    0.000    0.000    0.000    0.000    0.000    0.000    0.000    0.000    0.000    0.000    0.038    0.664    0.126    0.139    0.033    0.000
       65    0.000    0.000    0.000    0.000    0.000    0.000    0.000    0.000    0.000    0.000    0.000    0.000    0.000    0.000    0.000    0.000    0.000    0.000    0.000    0.000    0.764    0.010    0.212    0.014    0.000
       66    0.000    0.000    0.000    0.000    0.000    0.000    0.000    0.000    0.000    0.000    0.000    0.000    0.000    0.000    0.000    0.000    0.000    0.000    0.000    0.002    0.666    0.168    0.158    0.007    0.000
       67    0.000    0.000    0.000    0.000    0.000    0.000    0.000    0.000    0.000    0.000    0.000    0.000    0.000    0.000    0.000    0.000    0.000    0.000    0.000    0.014    0.560    0.395    0.030    0.001    0.000
       68    0.000    0.000    0.000    0.000    0.000    0.000    0.000    0.000    0.000    0.000    0.000    0.000    0.000    0.000    0.000    0.000    0.000    0.000    0.000    0.000    0.903    0.009    0.083    0.005    0.000
       69    0.000    0.000    0.000    0.000    0.000    0.000    0.000    0.000    0.000    0.000    0.000    0.000    0.000    0.000    0.000    0.000    0.000    0.000    0.000    0.000    0.706    0.291    0.003    0.000    0.000
       70    0.000    0.000    0.000    0.000    0.000    0.000    0.000    0.000    0.000    0.000    0.000    0.000    0.000    0.000    0.000    0.000    0.000    0.000    0.000    0.000    0.768    0.004    0.228    0.000    0.000
       71    0.000    0.000    0.000    0.000    0.000    0.000    0.000    0.000    0.000    0.000    0.000    0.000    0.000    0.429    0.000    0.000    0.001    0.021    0.000    0.002    0.000    0.000    0.510    0.037    0.000
       72    0.021    0.000    0.024    0.004    0.000    0.003    0.028    0.000    0.045    0.007    0.000    0.407    0.460    0.000    0.000    0.000    0.000    0.000    0.000    0.000    0.000    0.000    0.000    0.000    0.000
       73    0.000    0.000    0.000    0.000    0.000    0.000    0.000    0.017    0.000    0.000    0.009    0.000    0.000    0.018    0.000    0.001    0.000    0.000    0.000    0.060    0.258    0.448    0.129    0.042    0.018
       74    0.000    0.001    0.000    0.000    0.078    0.000    0.000    0.000    0.000    0.000    0.000    0.000    0.002    0.000    0.000    0.000    0.591    0.326    0.002    0.000    0.000    0.000    0.000    0.000    0.000
       75    0.003    0.000    0.218    0.002    0.000    0.274    0.030    0.029    0.178    0.246    0.009    0.009    0.000    0.000    0.001    0.000    0.000    0.000    0.000    0.000    0.000    0.000    0.000    0.000    0.000
       76    0.201    0.006    0.011    0.152    0.280    0.001    0.000    0.000    0.000    0.000    0.000    0.002    0.348    0.000    0.000    0.000    0.001    0.000    0.000    0.000    0.000    0.000    0.000    0.000    0.000
       77    0.498    0.027    0.016    0.003    0.012    0.000    0.099    0.000    0.000    0.000    0.000    0.043    0.302    0.000    0.000    0.000    0.000    0.000    0.000    0.000    0.000    0.000    0.000    0.000    0.000
       78    0.049    0.005    0.210    0.714    0.009    0.004    0.006    0.000    0.001    0.000    0.000    0.002    0.000    0.000    0.000    0.000    0.000    0.000    0.000    0.000    0.000    0.000    0.000    0.000    0.000
       79    0.011    0.000    0.102    0.001    0.000    0.030    0.049    0.001    0.151    0.163    0.001    0.461    0.030    0.000    0.000    0.000    0.000    0.000    0.000    0.000    0.000    0.000    0.000    0.000    0.000
       80    0.001    0.001    0.000    0.001    0.237    0.000    0.000    0.000    0.000    0.000    0.000    0.000    0.000    0.409    0.000    0.000    0.216    0.053    0.000    0.028    0.001    0.010    0.041    0.003    0.000
       81    0.034    0.304    0.025    0.050    0.067    0.035    0.073    0.039    0.218    0.079    0.046    0.019    0.009    0.000    0.001    0.000    0.000    0.000    0.000    0.000    0.000    0.000    0.000    0.000    0.000
       82    0.009    0.010    0.016    0.046    0.057    0.071    0.024    0.139    0.343    0.038    0.155    0.003    0.003    0.003    0.064    0.011    0.010    0.000    0.000    0.000    0.000    0.000    0.000    0.000    0.000
       83    0.007    0.001    0.032    0.001    0.001    0.010    0.027    0.001    0.016    0.241    0.011    0.137    0.085    0.000    0.002    0.000    0.046    0.038    0.030    0.008    0.125    0.048    0.020    0.113    0.000
       84    0.000    0.000    0.000    0.000    0.002    0.000    0.000    0.000    0.000    0.000    0.000    0.000    0.000    0.234    0.000    0.000    0.024    0.066    0.018    0.275    0.210    0.029    0.131    0.011    0.000
       85    0.005    0.000    0.027    0.000    0.000    0.001    0.016    0.000    0.009    0.236    0.010    0.260    0.130    0.000    0.001    0.000    0.019    0.040    0.030    0.008    0.180    0.026    0.000    0.000    0.000
       86    0.000    0.000    0.000    0.000    0.000    0.000    0.000    0.000    0.000    0.000    0.000    0.000    0.000    0.002    0.000    0.000    0.000    0.002    0.006    0.092    0.600    0.169    0.114    0.015    0.000
       87    0.000    0.000    0.000    0.000    0.000    0.000    0.000    0.000    0.000    0.000    0.000    0.000    0.000    0.004    0.000    0.000    0.000    0.000    0.000    0.001    0.717    0.027    0.125    0.126    0.000
       88    0.000    0.000    0.000    0.000    0.000    0.000    0.000    0.000    0.000    0.000    0.000    0.000    0.000    0.007    0.000    0.000    0.000    0.000    0.000    0.004    0.582    0.192    0.131    0.083    0.000
       89    0.000    0.000    0.000    0.000    0.000    0.000    0.000    0.000    0.000    0.000    0.000    0.000    0.000    0.016    0.000    0.000    0.000    0.000    0.001    0.015    0.500    0.018    0.361    0.088    0.000
       90    0.000    0.000    0.000    0.000    0.000    0.000    0.000    0.000    0.000    0.000    0.000    0.000    0.000    0.020    0.000    0.000    0.000    0.000    0.000    0.002    0.425    0.037    0.266    0.249    0.001
       91    0.000    0.000    0.000    0.000    0.000    0.000    0.000    0.000    0.000    0.000    0.000    0.000    0.000    0.130    0.000    0.000    0.000    0.000    0.000    0.002    0.099    0.028    0.551    0.183    0.006
       92    0.000    0.000    0.000    0.000    0.000    0.000    0.000    0.001    0.000    0.000    0.000    0.000    0.000    0.430    0.000    0.000    0.000    0.000    0.004    0.111    0.119    0.024    0.133    0.140    0.038
       93    0.000    0.000    0.000    0.000    0.000    0.000    0.000    0.000    0.000    0.000    0.000    0.000    0.000    0.139    0.000    0.000    0.043    0.703    0.080    0.034    0.000    0.000    0.000    0.000    0.000
       94    0.040    0.003    0.052    0.003    0.003    0.014    0.086    0.007    0.097    0.125    0.026    0.088    0.442    0.000    0.000    0.000    0.010    0.000    0.004    0.000    0.000    0.000    0.000    0.000    0.000
       95    0.000    0.000    0.000    0.000    0.000    0.000    0.000    0.086    0.000    0.000    0.001    0.000    0.000    0.569    0.000    0.014    0.000    0.000    0.000    0.000    0.000    0.000    0.001    0.037    0.291
       96    0.000    0.000    0.000    0.000    0.000    0.000    0.000    0.445    0.000    0.000    0.012    0.000    0.000    0.512    0.000    0.012    0.000    0.000    0.000    0.001    0.000    0.000    0.000    0.015    0.001
       97    0.169    0.357    0.001    0.050    0.368    0.000    0.006    0.000    0.000    0.000    0.000    0.000    0.034    0.000    0.000    0.000    0.015    0.000    0.000    0.000    0.000    0.000    0.000    0.000    0.000
       98    0.034    0.009    0.121    0.099    0.000    0.040    0.211    0.200    0.282    0.003    0.001    0.000    0.000    0.000    0.000    0.000    0.000    0.000    0.000    0.000    0.000    0.000    0.000    0.000    0.000
       99    0.021    0.081    0.040    0.688    0.027    0.066    0.028    0.000    0.048    0.000    0.000    0.000    0.000    0.000    0.000    0.000    0.000    0.000    0.000    0.000    0.000    0.000    0.000    0.000    0.000
      100    0.208    0.047    0.037    0.009    0.000    0.003    0.564    0.003    0.074    0.002    0.000    0.006    0.045    0.000    0.000    0.000    0.000    0.000    0.000    0.000    0.000    0.000    0.000    0.000    0.000
      101    0.007    0.000    0.381    0.193    0.000    0.263    0.005    0.020    0.101    0.022    0.001    0.004    0.000    0.000    0.002    0.000    0.000    0.000    0.000    0.000    0.000    0.000    0.000    0.000    0.000
      102    0.000    0.000    0.012    0.005    0.000    0.303    0.000    0.604    0.006    0.013    0.035    0.001    0.000    0.000    0.004    0.018    0.000    0.000    0.000    0.000    0.000    0.000    0.000    0.000    0.000
      103    0.000    0.000    0.000    0.000    0.000    0.000    0.000    0.000    0.000    0.000    0.000    0.000    0.000    0.000    0.000    0.000    0.000    0.000    0.001    0.036    0.058    0.190    0.014    0.702    0.000
      104    0.000    0.000    0.001    0.080    0.310    0.010    0.000    0.001    0.000    0.000    0.000    0.000    0.005    0.000    0.150    0.198    0.242    0.000    0.000    0.000    0.000    0.000    0.000    0.000    0.003
      105    0.100    0.017    0.113    0.059    0.018    0.027    0.079    0.037    0.512    0.005    0.002    0.014    0.017    0.000    0.001    0.000    0.000    0.000    0.000    0.000    0.000    0.000    0.000    0.000    0.000
      106    0.000    0.000    0.031    0.000    0.000    0.002    0.004    0.002    0.006    0.485    0.055    0.380    0.030    0.000    0.004    0.000    0.000    0.000    0.000    0.000    0.000    0.000    0.000    0.000    0.000
      107    0.000    0.000    0.000    0.000    0.000    0.000    0.000    0.000    0.000    0.000    0.000    0.000    0.000    0.000    0.000    0.000    0.000    0.000    0.000    0.001    0.906    0.073    0.017    0.003    0.000
      108    0.000    0.000    0.000    0.000    0.000    0.000    0.000    0.000    0.000    0.000    0.000    0.000    0.000    0.000    0.000    0.000    0.000    0.000    0.000    0.000    0.983    0.014    0.004    0.000    0.000
      109    0.000    0.000    0.000    0.000    0.000    0.000    0.000    0.000    0.000    0.000    0.000    0.000    0.000    0.000    0.000    0.000    0.000    0.000    0.000    0.000    0.935    0.055    0.011    0.000    0.000
      110    0.000    0.000    0.000    0.000    0.000    0.000    0.000    0.000    0.000    0.000    0.000    0.000    0.000    0.000    0.000    0.000    0.000    0.000    0.000    0.000    0.976    0.014    0.009    0.001    0.000
      111    0.000    0.000    0.000    0.000    0.000    0.000    0.000    0.000    0.000    0.000    0.000    0.000    0.000    0.000    0.000    0.000    0.000    0.000    0.000    0.000    0.959    0.039    0.002    0.000    0.000
      112    0.000    0.000    0.000    0.000    0.000    0.000    0.000    0.000    0.000    0.000    0.000    0.000    0.000    0.000    0.000    0.000    0.000    0.000    0.000    0.000    0.976    0.020    0.004    0.000    0.000
      113    0.000    0.000    0.000    0.000    0.000    0.000    0.000    0.000    0.000    0.000    0.000    0.000    0.000    0.000    0.000    0.000    0.000    0.000    0.000    0.000    0.956    0.035    0.009    0.000    0.000
      114    0.000    0.000    0.000    0.000    0.000    0.000    0.000    0.000    0.000    0.000    0.000    0.000    0.000    0.000    0.000    0.000    0.000    0.000    0.000    0.000    0.889    0.077    0.034    0.001    0.000
      115    0.000    0.000    0.000    0.000    0.000    0.000    0.000    0.000    0.000    0.000    0.000    0.000    0.000    0.000    0.000    0.000    0.000    0.000    0.000    0.000    0.940    0.029    0.031    0.001    0.000
      116    0.000    0.000    0.000    0.000    0.000    0.000    0.000    0.000    0.000    0.000    0.000    0.000    0.000    0.000    0.000    0.000    0.000    0.000    0.000    0.000    0.813    0.158    0.029    0.000    0.000
      117    0.000    0.000    0.000    0.000    0.000    0.000    0.000    0.000    0.000    0.000    0.000    0.000    0.000    0.001    0.000    0.000    0.000    0.000    0.000    0.013    0.669    0.156    0.158    0.003    0.000
      118    0.000    0.000    0.000    0.000    0.000    0.000    0.000    0.000    0.000    0.000    0.000    0.000    0.000    0.001    0.000    0.000    0.000    0.000    0.000    0.003    0.784    0.089    0.121    0.004    0.000
      119    0.000    0.000    0.000    0.000    0.000    0.000    0.000    0.000    0.000    0.000    0.000    0.000    0.000    0.109    0.000    0.000    0.001    0.088    0.001    0.042    0.225    0.006    0.520    0.009    0.000
      120    0.020    0.001    0.100    0.098    0.092    0.349    0.076    0.015    0.038    0.008    0.001    0.034    0.022    0.000    0.121    0.017    0.006    0.000    0.000    0.000    0.000    0.000    0.000    0.000    0.000
      121    0.031    0.002    0.259    0.106    0.010    0.263    0.024    0.088    0.062    0.056    0.021    0.019    0.020    0.004    0.006    0.002    0.000    0.000    0.000    0.000    0.000    0.000    0.000    0.005    0.021
